948
924
928
964
976
992
952
952
896
876
852
864
868
860
880
900
948
964
972
928
932
952
972
972
936
960
964
984
964
948
980
996
1012
1012
1008
992
1032
1040
1040
1000
1004
1020
1024
1012
968
1008
1012
984
972
996
1020
1024
996
984
1008
1020
1020
988
984
1000
1008
1008
984
956
992
1008
1008
1000
984
980
992
992
1000
988
936
940
952
964
960
936
956
976
996
964
956
976
980
992
948
948
976
992
996
1000
968
992
1012
1012
964
972
984
1008
960
956
988
1008
992
968
996
1012
1024
1000
984
1004
1032
1028
1016
988
996
1032
1044
1040
996
984
1004
1004
1012
984
956
984
1008
1016
988
952
960
972
996
1012
996
960
980
996
992
984
956
992
1020
1024
1004
976
984
996
996
960
956
972
976
972
952
968
1004
1012
980
972
1000
1016
976
960
988
1004
1000
984
1012
1020
1016
992
976
996
1008
980
972
1000
1032
984
984
996
1020
1016
980
980
1020
1024
988
980
1008
1036
1012
1000
1044
1080
1044
1040
1068
1064
1008
984
1008
1008
972
976
1016
1036
996
984
1020
1032
1012
984
1012
1048
1020
988
1012
1024
1024
988
980
1012
1028
996
980
1008
1020
1012
984
976
984
1004
992
964
1008
1024
1008
988
1032
1048
1036
996
1008
1040
1028
976
988
1020
1040
1012
980
1004
1024
1008
980
992
1008
1032
984
984
1028
1028
1000
976
984
1008
1000
960
972
1008
1028
1000
992
1016
1016
996
984
1024
1036
1036
1012
996
1036
1044
1032
996
1008
1052
1056
1004
988
1008
1020
1036
996
